% start	end	CellId	IMSI	RNTI	LCID	nTxPDUs	TxBytes	nRxPDUs	RxBytes	delay	stdDev	min	max	PduSize	stdDev	min	max
0	0.25	1	1	3	3	45	70221	45	70221	0.00315555	0.0010435	0.003	0.01	1560.47	477.447	165	4395	
0	0.25	1	2	2	3	43	42894	43	42894	0.00316279	0.00106749	0.003	0.01	997.535	543.278	165	4395	
0	0.25	1	3	5	3	45	85179	44	83343	0.00315909	0.00105529	0.003	0.01	1894.16	385.784	1836	4395	
0	0.25	1	4	4	3	47	91245	46	89265	0.003	0	0.003	0.003	1940.54	267.607	165	1980	
0	0.25	1	5	1	3	44	54582	44	54582	0.00315909	0.00105529	0.003	0.01	1240.5	510.597	165	4395	
0	0.25	2	6	5	3	41	37955	40	37116	0.003175	0.0011068	0.003	0.01	927.9	562.253	839	4395	
0	0.25	2	7	3	3	45	70221	45	70221	0.00315555	0.0010435	0.003	0.01	1560.47	477.447	165	4395	
0	0.25	2	8	2	3	45	55773	44	54582	0.00315909	0.00105529	0.003	0.01	1240.5	510.597	165	4395	
0	0.25	2	9	1	3	46	109500	46	109500	0.00315217	0.00103209	0.003	0.01	2380.43	446.406	165	4395	
0	0.25	2	10	4	3	47	70407	47	70407	0.003	0	0.003	0.003	1498.02	198.668	165	1527	
0	0.25	3	11	2	3	42	38119	42	38119	0.00316667	0.00108012	0.003	0.01	907.595	560.962	165	4395	
0	0.25	3	12	1	3	39	20728	39	20728	0.00317949	0.0011209	0.003	0.01	531.487	636.428	165	4395	
0	0.25	3	13	4	3	48	93225	48	93225	0.003	0	0.003	0.003	1942.19	261.973	165	1980	
0	0.25	3	14	3	3	47	93659	46	91679	0.00315217	0.00103209	0.003	0.01	1993.02	450.152	165	4395	
0	0.25	3	15	5	3	48	134538	47	131769	0.00314894	0.00102105	0.003	0.01	2803.6	237.176	2769	4395	
0	0.25	4	16	2	3	45	70221	44	68694	0.00315909	0.00105529	0.003	0.01	1561.23	482.94	165	4395	
0	0.25	4	17	3	3	47	129165	47	129165	0.00314894	0.00102105	0.003	0.01	2748.19	452.153	165	4395	
0	0.25	4	18	1	3	46	109500	46	109500	0.00315217	0.00103209	0.003	0.01	2380.43	446.406	165	4395	
0	0.25	4	19	5	3	46	42240	46	42240	0.003	0	0.003	0.003	918.261	113.53	165	935	
0	0.25	4	20	4	3	41	37279	40	36440	0.003175	0.0011068	0.003	0.01	911	574.948	165	4395	
0.25	0.5	1	1	3	3	50	76350	50	76350	0.003	0	0.003	0.003	1527	0	1527	1527	
0.25	0.5	1	2	2	3	50	46749	50	46749	0.003	0	0.003	0.003	934.98	0.141421	934	935	
0.25	0.5	1	3	5	3	50	91800	50	91800	0.003	0	0.003	0.003	1836	0	1836	1836	
0.25	0.5	1	4	4	3	50	99000	50	99000	0.003	0	0.003	0.003	1980	0	1980	1980	
0.25	0.5	1	5	1	3	50	59550	50	59550	0.003	0	0.003	0.003	1191	0	1191	1191	
0.25	0.5	2	6	5	3	48	40272	49	41111	0.003	0	0.003	0.003	839	0	839	839	
0.25	0.5	2	7	3	3	51	77877	50	76350	0.003	0	0.003	0.003	1527	0	1527	1527	
0.25	0.5	2	8	2	3	50	59550	51	60741	0.003	0	0.003	0.003	1191	0	1191	1191	
0.25	0.5	2	9	1	3	51	121633	50	119248	0.003	0	0.003	0.003	2384.96	0.197949	2384	2385	
0.25	0.5	2	10	4	3	50	76350	50	76350	0.003	0	0.003	0.003	1527	0	1527	1527	
0.25	0.5	3	11	2	3	49	41111	48	40272	0.003	0	0.003	0.003	839	0	839	839	
0.25	0.5	3	12	1	3	49	21413	49	21413	0.003	0	0.003	0.003	437	0	437	437	
0.25	0.5	3	13	4	3	51	100979	50	98999	0.003	0	0.003	0.003	1979.98	0.141421	1979	1980	
0.25	0.5	3	14	3	3	50	99000	51	100980	0.003	0	0.003	0.003	1980	0	1980	1980	
0.25	0.5	3	15	5	3	51	141219	52	143988	0.003	0	0.003	0.003	2769	0	2769	2769	
0.25	0.5	4	16	2	3	50	76350	50	76350	0.003	0	0.003	0.003	1527	0	1527	1527	
0.25	0.5	4	17	3	3	51	141219	51	141219	0.003	0	0.003	0.003	2769	0	2769	2769	
0.25	0.5	4	18	1	3	50	119249	50	119249	0.003	0	0.003	0.003	2384.98	0.141421	2384	2385	
0.25	0.5	4	19	5	3	51	47684	50	46749	0.003	0	0.003	0.003	934.98	0.141421	934	935	
0.25	0.5	4	20	4	3	48	40270	49	41109	0.003	0	0.003	0.003	838.959	0.285714	837	839	
0.5	0.75	1	1	3	3	50	76350	50	76350	0.003	0	0.003	0.003	1527	0	1527	1527	
0.5	0.75	1	2	2	3	50	46749	50	46749	0.003	0	0.003	0.003	934.98	0.141421	934	935	
0.5	0.75	1	3	5	3	50	91800	50	91800	0.003	0	0.003	0.003	1836	0	1836	1836	
0.5	0.75	1	4	4	3	50	99000	50	99000	0.003	0	0.003	0.003	1980	0	1980	1980	
0.5	0.75	1	5	1	3	50	59550	50	59550	0.003	0	0.003	0.003	1191	0	1191	1191	
0.5	0.75	2	6	5	3	48	40272	48	40272	0.003	0	0.003	0.003	839	0	839	839	
0.5	0.75	2	7	3	3	50	76350	51	77877	0.003	0	0.003	0.003	1527	0	1527	1527	
0.5	0.75	2	8	2	3	51	60741	50	59550	0.003	0	0.003	0.003	1191	0	1191	1191	
0.5	0.75	2	9	1	3	50	119250	51	121635	0.003	0	0.003	0.003	2385	0	2385	2385	
0.5	0.75	2	10	4	3	51	77877	50	76350	0.003	0	0.003	0.003	1527	0	1527	1527	
0.5	0.75	3	11	2	3	48	40268	49	41107	0.003	0	0.003	0.003	838.918	0.343798	837	839	
0.5	0.75	3	12	1	3	49	21413	49	21413	0.003	0	0.003	0.003	437	0	437	437	
0.5	0.75	3	13	4	3	50	98998	51	100978	0.003	0	0.003	0.003	1979.96	0.280056	1978	1980	
0.5	0.75	3	14	3	3	51	100980	50	99000	0.003	0	0.003	0.003	1980	0	1980	1980	
0.5	0.75	3	15	5	3	52	143986	51	141217	0.003	0	0.003	0.003	2768.96	0.280056	2767	2769	
0.5	0.75	4	16	2	3	50	76350	51	77877	0.003	0	0.003	0.003	1527	0	1527	1527	
0.5	0.75	4	17	3	3	52	143988	51	141219	0.003	0	0.003	0.003	2769	0	2769	2769	
0.5	0.75	4	18	1	3	50	119250	50	119250	0.003	0	0.003	0.003	2385	0	2385	2385	
0.5	0.75	4	19	5	3	50	46750	50	46750	0.003	0	0.003	0.003	935	0	935	935	
0.5	0.75	4	20	4	3	48	40269	48	40269	0.003	0	0.003	0.003	838.937	0.31999	837	839	
0.75	1	1	1	3	3	50	76350	50	76350	0.003	0	0.003	0.003	1527	0	1527	1527	
0.75	1	1	2	2	3	50	46749	50	46749	0.003	0	0.003	0.003	934.98	0.141421	934	935	
0.75	1	1	3	5	3	50	91800	50	91800	0.003	0	0.003	0.003	1836	0	1836	1836	
0.75	1	1	4	4	3	50	99000	50	99000	0.003	0	0.003	0.003	1980	0	1980	1980	
0.75	1	1	5	1	3	50	59550	50	59550	0.003	0	0.003	0.003	1191	0	1191	1191	
0.75	1	2	6	5	3	49	41111	48	40272	0.003	0	0.003	0.003	839	0	839	839	
0.75	1	2	7	3	3	50	76350	50	76350	0.003	0	0.003	0.003	1527	0	1527	1527	
0.75	1	2	8	2	3	50	59550	51	60741	0.003	0	0.003	0.003	1191	0	1191	1191	
0.75	1	2	9	1	3	51	121632	50	119247	0.003	0	0.003	0.003	2384.94	0.313636	2383	2385	
0.75	1	2	10	4	3	50	76350	51	77877	0.003	0	0.003	0.003	1527	0	1527	1527	
0.75	1	3	11	2	3	48	40269	48	40269	0.003	0	0.003	0.003	838.937	0.31999	837	839	
0.75	1	3	12	1	3	50	21849	49	21412	0.003	0	0.003	0.003	436.98	0.142857	436	437	
0.75	1	3	13	4	3	51	100979	50	98999	0.003	0	0.003	0.003	1979.98	0.141421	1979	1980	
0.75	1	3	14	3	3	50	99000	51	100980	0.003	0	0.003	0.003	1980	0	1980	1980	
0.75	1	3	15	5	3	51	141218	52	143987	0.003	0	0.003	0.003	2768.98	0.138675	2768	2769	
0.75	1	4	16	2	3	50	76350	50	76350	0.003	0	0.003	0.003	1527	0	1527	1527	
0.75	1	4	17	3	3	51	141219	52	143988	0.003	0	0.003	0.003	2769	0	2769	2769	
0.75	1	4	18	1	3	51	121633	50	119249	0.003	0	0.003	0.003	2384.98	0.141421	2384	2385	
0.75	1	4	19	5	3	50	46749	50	46749	0.003	0	0.003	0.003	934.98	0.141421	934	935	
0.75	1	4	20	4	3	48	40270	48	40270	0.003	0	0.003	0.003	838.958	0.288675	837	839	
1	1.25	1	1	3	3	11	16378	11	16378	0.003	0	0.003	0.003	1488.91	126.333	1108	1527	
1	1.25	1	2	2	3	15	13325	15	13325	0.003	0	0.003	0.003	888.333	180.739	235	935	
1	1.25	1	3	5	3	10	16951	11	18787	0.003	0	0.003	0.003	1707.91	424.829	427	1836	
1	1.25	1	4	4	3	10	17828	11	19808	0.003	0	0.003	0.003	1800.73	594.58	8	1980	
1	1.25	1	5	1	3	12	14098	12	14098	0.003	0	0.003	0.003	1174.83	56.003	997	1191	
1	1.25	2	6	5	3	16	12701	17	13540	0.003	0	0.003	0.003	796.471	175.353	116	839	
1	1.25	2	7	3	3	11	16358	11	16358	0.003	0	0.003	0.003	1487.09	132.363	1088	1527	
1	1.25	2	8	2	3	13	15037	13	15037	0.003	0	0.003	0.003	1156.69	123.698	745	1191	
1	1.25	2	9	1	3	8	19033	9	21418	0.003	0	0.003	0.003	2379.78	15.6667	2338	2385	
1	1.25	2	10	4	3	11	16330	11	16330	0.003	0	0.003	0.003	1484.55	140.806	1060	1527	
1	1.25	3	11	2	3	16	12893	16	12893	0.003	0	0.003	0.003	805.812	132.218	310	839	
1	1.25	3	12	1	3	26	11790	27	12227	0.003	0	0.003	0.003	452.852	132.694	61	839	
1	1.25	3	13	4	3	9	17796	10	19776	0.003	0	0.003	0.003	1977.6	7.58947	1956	1980	
1	1.25	3	14	3	3	10	17994	10	17994	0.003	0	0.003	0.003	1799.4	571.107	174	1980	
1	1.25	3	15	5	3	8	20511	8	20511	0.003	0	0.003	0.003	2563.88	580.181	1128	2769	
1	1.25	4	16	2	3	11	16327	11	16327	0.003	0	0.003	0.003	1484.27	141.71	1057	1527	
1	1.25	4	17	3	3	8	20020	8	20020	0.003	0	0.003	0.003	2502.5	753.776	637	2769	
1	1.25	4	18	1	3	8	17997	9	20381	0.003	0	0.003	0.003	2264.56	360.958	1302	2385	
1	1.25	4	19	5	3	15	13208	16	14143	0.003	0	0.003	0.003	883.938	204.25	118	935	
1	1.25	4	20	4	3	15	12548	15	12548	0.003	0	0.003	0.003	836.533	9.55336	802	839	
